name: myenv
channels:
  - pytorch
  - conda-forge
  - defaults
dependencies:
  - _libgcc_mutex=0.1=main
  - blas=1.0=mkl
  - bzip2=1.0.8=h7b6447c_0
  - ca-certificates=2021.1.19=h06a4308_0
  - certifi=2020.12.5=py36h06a4308_0
  - cloudpickle=1.6.0=py_0
  - cudatoolkit=10.1.243=h6bb024c_0
  - ffmpeg=4.2.2=h20bf706_0
  - freetype=2.10.4=h5ab3b9f_0
  - future=0.18.2=py36_1
  - gmp=6.1.2=h6c8ec71_1
  - gnutls=3.6.5=h71b1129_1002
  - gym=0.18.0=py36he448a4c_0
  - intel-openmp=2020.2=254
  - jpeg=9b=h024ee3a_2
  - lame=3.100=h7b6447c_0
  - lcms2=2.11=h396b838_0
  - ld_impl_linux-64=2.33.1=h53a641e_7
  - libedit=3.1.20191231=h14c3975_1
  - libffi=3.3=he6710b0_2
  - libgcc-ng=9.1.0=hdf63c60_0
  - libgfortran-ng=7.3.0=hdf63c60_0
  - libopus=1.3.1=h7b6447c_0
  - libpng=1.6.37=hbc83047_0
  - libstdcxx-ng=9.1.0=hdf63c60_0
  - libtiff=4.1.0=h2733197_1
  - libvpx=1.7.0=h439df22_0
  - lz4-c=1.9.3=h2531618_0
  - mkl=2020.2=256
  - mkl-service=2.3.0=py36he8ac12f_0
  - mkl_fft=1.2.0=py36h23d657b_0
  - mkl_random=1.1.1=py36h0573a6f_0
  - ncurses=6.2=he6710b0_1
  - nettle=3.4.1=hbb512f6_0
  - ninja=1.10.2=py36hff7bd54_0
  - numpy=1.19.2=py36h54aff64_0
  - numpy-base=1.19.2=py36hfa32c7d_0
  - olefile=0.46=py36_0
  - openh264=2.1.0=hd408876_0
  - openssl=1.1.1i=h27cfd23_0
  - pillow=8.1.0=py36he98fc37_0
  - pip=20.3.3=py36h06a4308_0
  - pyglet=1.5.14=py36h5fab9bb_1
  - python=3.6.12=hcff3b4d_2
  - python_abi=3.6=1_cp36m
  - pytorch=1.4.0=py3.6_cuda10.1.243_cudnn7.6.3_0
  - readline=8.0=h7b6447c_0
  - scipy=1.5.2=py36h0b6359f_0
  - setuptools=52.0.0=py36h06a4308_0
  - six=1.15.0=py36h06a4308_0
  - sqlite=3.33.0=h62c20be_0
  - tk=8.6.10=hbc83047_0
  - torchaudio=0.4.0=py36
  - torchvision=0.5.0=py36_cu101
  - typing=3.7.4.3=py36_0
  - wheel=0.36.2=pyhd3eb1b0_0
  - x264=1!157.20191217=h7b6447c_0
  - xz=5.2.5=h7b6447c_0
  - zlib=1.2.11=h7b6447c_3
  - zstd=1.4.5=h9ceee32_0
  - pip:
    - argon2-cffi==21.3.0
    - argon2-cffi-bindings==21.2.0
    - async-generator==1.10
    - attrs==21.4.0
    - backcall==0.2.0
    - bleach==4.1.0
    - defusedxml==0.7.1
    - e==1.4.5
    - entrypoints==0.4
    - ipykernel==5.5.6
    - ipython==7.16.3
    - ipython-genutils==0.2.0
    - jedi==0.17.2
    - jsonschema==3.2.0
    - jupyter-client==7.1.2
    - jupyter-core==4.9.2
    - jupyterlab-pygments==0.1.2
    - mistune==0.8.4
    - nbclient==0.5.9
    - nbconvert==6.0.7
    - nbformat==5.1.3
    - nest-asyncio==1.5.5
    - notebook==6.4.10
    - packaging==21.3
    - pandocfilters==1.5.0
    - parso==0.7.1
    - pexpect==4.8.0
    - pickleshare==0.7.5
    - prometheus-client==0.14.1
    - prompt-toolkit==3.0.29
    - ptyprocess==0.7.0
    - pygments==2.12.0
    - pyrsistent==0.18.0
    - rlbench==1.0.9
    - send2trash==1.8.0
    - tensorboard-data-server==0.6.1
    - terminado==0.12.1
    - testpath==0.6.0
    - tornado==6.1
    - traitlets==4.3.3
    - wcwidth==0.2.5
    - webencodings==0.5.1
prefix: /home/sofanit/anaconda3/envs/myenv
